# X, Y, Vmag
6272.20200 2528.94700   27.03900
5756.27900 2574.61000   27.31700
5316.34500 2702.07100   27.57300
5026.93400 2796.72600   27.47900
5443.42300 2824.14400   26.66800
4849.39000 2833.65500   27.20000
5705.24900 2859.43900   26.68800
5259.06900 2894.25600   27.33400
4521.10000 2926.10400   27.08300
4272.86600 2997.19800   26.76000
4235.51500 3048.76400   27.07000
3923.89500 3096.20300   27.44200
4160.39100 3134.19000   24.75100
6330.92800 3135.90600   27.04300
4903.34600 3146.97500   26.57200
5392.45400 3179.36300   27.02300
5983.96500 3185.75900   26.94700
5504.66000 3299.80300   25.48400
3199.05900 3374.49400   26.61400
3775.11900 3414.14100   27.16500
2321.27400 3552.26800   26.67200
5744.45800 3615.63000   25.65200
4353.13700 3774.54200   27.13800
5254.46600 3787.93900   27.20400
4275.76400 3791.33800   27.12600
3399.98000 3819.53500   26.55100
3881.89600 3862.49400   26.24700
3876.35000 3863.79900   25.86300
4800.49200 3871.94300   26.69700
4238.22300 3882.23400   26.90400
4167.35800 3903.80700   26.82100
5355.42800 3923.00600   25.95400
4703.88300 3983.58300   26.95600
4844.90800 4000.91900   26.41900
3900.36500 4012.56400   27.06500
4562.16700 4032.41800   27.49900
5480.77600 4095.68900   27.05800
5270.16500 4109.97000   26.81900
5739.83500 4155.69800   26.66700
5672.80900 4208.28900   26.75300
4620.80200 4232.68900   26.37600
4997.45800 4246.36200   26.26700
2899.79000 4256.45000   25.74500
4958.19000 4301.08400   26.40400
4236.54200 4318.98500   26.71100
5249.41700 4348.84800   25.36400
6241.31800 4371.73300   25.11500
6040.75800 4397.79800   27.38000
5025.34200 4437.53100   26.09700
5301.63200 4450.92200   27.00900
4764.87700 4461.51400   26.67300
5947.85500 4474.71400   27.01000
4801.87200 4484.87600   27.03300
4618.28200 4488.63000   26.44100
5805.41700 4497.76100   27.10600
4518.47800 4519.74000   26.18400
4853.17300 4538.78500   26.44900
5378.27300 4541.94500   25.98700
5682.06300 4543.32200   26.91500
5931.47500 4544.13100   27.09200
4963.44600 4547.32300   26.30100
5250.20400 4552.28700   26.83000
4213.75300 4556.88400   27.05800
4548.37500 4558.09900   27.45400
4521.82400 4565.43600   27.13600
3890.69100 4571.68700   25.46300
5194.55200 4573.80200   27.41500
4768.01600 4593.09300   26.84500
4898.87400 4597.54700   26.50700
4733.50400 4612.86200   27.39400
4536.51500 4615.99500   24.67300
3570.23600 4618.92500   27.02800
4556.95900 4619.84400   27.40600
5820.19300 4636.13500   27.62000
5476.09900 4637.15000   26.72900
5218.05200 4640.40800   26.84900
4974.78800 4642.48600   26.25400
4761.05300 4649.79300   26.75100
5450.22800 4653.57900   26.05900
5057.18300 4654.51200   27.17000
5118.77900 4654.18800   26.30500
5110.78400 4665.23100   27.27000
5179.53500 4664.94400   26.17200
5042.62800 4671.08800   27.53800
4918.32400 4673.16700   27.00400
5067.64300 4674.48800   26.82500
4635.89100 4677.05900   25.64700
4995.52300 4681.54200   27.66000
4472.04400 4685.66200   26.42600
4778.90000 4685.09000   26.68000
5036.32600 4684.83400   26.10000
4289.16000 4695.85700   27.48200
4376.62300 4697.55200   26.89400
5032.39500 4704.38900   25.85600
4286.47800 4708.90900   26.74200
4901.04400 4711.53000   25.66200
4589.94700 4713.96800   25.04700
5959.51400 4716.20000   27.18200
4604.48800 4721.90600   25.87400
4987.01300 4727.46100   27.01000
5230.99900 4731.31100   25.97300
5028.17000 4733.10100   26.83300
5667.88100 4734.84100   27.25700
5020.16800 4738.45200   27.36400
5181.63100 4737.07800   27.08500
4372.36600 4742.03700   27.06100
4826.42400 4754.94100   24.62800
5093.14000 4755.28300   26.14400
4413.67500 4755.91900   27.38600
5046.12400 4758.08400   26.55300
4292.74600 4759.42900   24.67200
5035.76000 4759.29600   26.23400
4824.63200 4764.99300   27.10800
4877.93200 4764.71700   26.76600
4967.62400 4765.46200   26.71800
5134.79400 4765.33700   26.29300
4678.61200 4767.66900   25.38500
4933.31300 4768.11100   26.24000
4942.30700 4768.00700   26.92800
5003.21200 4768.14200   27.32300
4954.97500 4769.25200   27.54100
4980.81800 4771.49200   26.77500
4796.11900 4776.80200   25.17300
4809.74100 4779.13900   25.70400
5461.60600 4782.56000   25.11700
4520.01500 4786.11000   25.18900
4424.22400 4793.36800   26.83400
4780.00600 4792.61500   26.84800
4647.18200 4793.54000   26.65600
4873.57000 4795.36300   26.74400
4305.07400 4797.70900   25.38600
4801.02800 4802.35200   25.76500
4848.20500 4802.04800   27.33800
4589.67500 4803.44800   26.99500
4366.30300 4804.07900   26.79100
5095.34000 4804.40900   26.72400
4963.14000 4805.32900   27.56700
4935.90700 4806.84400   27.58100
5090.88500 4806.72800   25.29000
5021.89500 4808.11200   26.89300
4910.29000 4810.12300   27.16600
4846.16100 4814.63200   25.76600
4871.41600 4815.93600   27.58300
4749.16900 4816.44100   27.06100
4767.38000 4817.17200   26.57000
4941.74600 4816.46200   26.07400
5198.02800 4818.99200   26.83000
4814.88500 4821.89600   27.21400
5160.75300 4825.90000   27.36900
4945.27600 4827.28700   26.33900
4920.11100 4829.69100   27.45100
4426.23700 4830.70800   27.06100
4361.94400 4834.13100   27.13200
4410.87700 4834.11200   25.92500
5028.16100 4840.00900   27.26700
4915.21900 4841.62700   27.48800
4689.27300 4843.49400   26.55900
4374.55400 4844.16600   27.58500
5096.67100 4843.81000   27.15700
4510.03600 4847.28700   25.85800
4838.02700 4847.33900   26.21800
4550.66600 4848.43200   26.10700
5031.80800 4848.75700   26.21300
5109.28100 4853.14300   25.72200
4891.13300 4853.69200   25.31600
4963.25400 4854.17700   24.94100
4411.87300 4855.09300   26.47400
4354.00500 4856.37600   27.43000
4979.11900 4856.55700   25.83600
5030.64200 4859.20500   25.72300
4522.58200 4860.51300   25.56700
5170.07800 4862.88100   27.23300
5231.47700 4864.01400   26.90000
4705.37800 4868.18400   26.99000
5027.32100 4869.34300   23.13000
4827.40800 4872.09700   25.24000
5012.93700 4873.76300   27.23100
5140.52300 4878.77700   26.56600
4714.67400 4879.86600   25.82200
4991.35400 4880.01300   24.88500
5266.03900 4882.07700   27.12400
4423.16300 4881.76000   25.16700
5005.76300 4881.65100   27.19100
5041.93500 4886.35600   27.19100
5475.37400 4887.72400   26.28900
4976.18400 4888.33500   27.19400
4923.79900 4889.57700   24.40100
5045.21900 4891.25100   25.85900
4793.33900 4893.79000   27.31600
4932.62400 4895.06800   27.37600
4970.61900 4896.20800   26.49100
5946.41500 4896.46200   27.02800
4507.35500 4898.69300   25.92300
4710.52200 4898.65400   26.82300
3847.72200 4898.83200   26.98900
4356.50000 4898.54700   25.48900
4031.31000 4900.52300   25.86600
4545.37000 4900.04400   26.38100
4883.40400 4901.11200   27.23000
5046.11400 4905.26100   26.78900
4929.81500 4907.59800   26.80700
4813.19400 4908.19200   25.16500
6491.28600 4910.95100   26.15200
4888.01100 4913.61500   27.21800
3927.33300 4914.57900   25.89900
5606.21500 4916.46200   26.96600
4917.63000 4916.59500   27.16900
5074.50800 4918.09600   25.75400
4986.12200 4923.49400   27.71800
4507.21900 4923.69300   23.96900
5156.96600 4924.33400   27.01000
4685.14100 4927.09000   27.23600
4658.17000 4928.63400   26.91300
5087.08100 4929.02500   27.62400
4869.47000 4930.80500   23.76300
5006.30900 4930.97200   24.96400
4479.70100 4931.21600   26.96300
5132.25700 4934.38900   26.96500
4789.41800 4942.75800   26.88100
5326.92600 4945.77500   26.85700
4910.92200 4947.22300   25.37400
4985.77900 4948.34500   27.27700
5663.08700 4948.28500   27.13800
4514.26200 4950.93300   24.49100
5702.31600 4954.31500   25.93200
5212.77400 4954.82200   26.89500
4603.15200 4956.44200   25.80300
5014.01700 4955.99800   26.33000
5161.19100 4956.60100   27.41200
4881.01000 4960.95300   27.06000
5101.25700 4960.36600   27.52600
5128.65800 4961.11800   26.19900
4568.78400 4964.14600   25.75600
4728.41700 4965.10700   26.93200
5142.80100 4965.87900   27.61400
4646.63600 4967.04000   27.54200
5099.68900 4970.36200   26.82300
5736.30800 4972.26200   26.31100
4716.23800 4973.88900   27.23600
5012.41500 4973.87000   27.05500
4969.69200 4976.61000   27.05500
4498.12200 4977.54700   27.27500
4977.88400 4978.40300   26.68400
5165.84100 4979.59700   27.05000
5080.36100 4980.47100   26.73900
4501.81900 4980.81300   25.64300
4805.95800 4984.33200   27.53900
5113.97400 4984.84000   27.60500
5120.91400 4984.41300   25.51000
4720.78400 4985.56300   26.77800
4792.07500 4985.13900   27.59200
4696.60400 4986.01800   27.00700
4873.10100 4985.20000   27.68400
5146.35500 4986.97100   26.83800
4890.52500 4988.59100   26.41200
4453.24700 4991.25800   27.28800
4991.14200 4990.83300   26.27100
5014.22100 4993.77300   26.46500
4773.67100 4994.13300   27.59600
4909.68600 4997.36200   26.29900
5950.28300 4996.97200   26.55100
5328.37800 4998.28700   25.46200
5105.64800 5000.11500   25.67300
5199.20300 4999.87000   26.21100
5232.05000 5000.29900   26.86700
4898.66100 5000.99200   26.79500
5045.45000 5001.28000   24.91600
4943.62300 5001.85500   25.47500
5668.56000 5002.79300   26.06900
4719.33200 5004.17300   25.83800
4809.32600 5006.43200   26.97300
4930.42700 5006.52200   27.44600
5016.25000 5006.32300   26.51600
4586.07200 5010.29200   26.93200
4759.51000 5010.84800   27.48300
4925.00800 5011.84700   26.18800
5095.77200 5013.60300   24.68400
5128.60400 5017.64200   26.64400
4738.65500 5018.61900   26.98100
5095.18400 5018.43800   26.22300
4778.42700 5020.18000   25.65600
4843.67100 5021.64400   24.60800
4832.05000 5022.37200   27.36300
5026.13900 5021.73000   26.94900
5085.14600 5021.96500   27.06400
4559.35300 5022.57800   27.38600
5152.33700 5022.62900   24.70400
5109.51900 5026.63200   27.36300
5198.51100 5031.06500   26.12800
4953.26100 5032.88600   27.59700
4596.59100 5033.80600   26.75400
4447.17300 5036.47000   27.34700
4736.95300 5036.34500   26.17200
3652.02700 5037.09400   27.32900
5127.73000 5038.49400   26.31100
4739.18200 5038.52000   25.86500
5519.59900 5039.41100   26.86800
4898.29600 5040.83500   26.29900
5647.61800 5049.28100   26.07800
5012.33500 5050.63700   26.02200
5138.01700 5051.33200   25.85400
4938.75700 5052.78400   25.69300
5614.46600 5057.21100   26.74000
4496.05300 5058.70800   23.69300
4587.84100 5063.01200   26.25900
4540.30900 5063.59400   26.97000
7154.60500 5065.56300   27.39800
5020.87600 5065.87900   27.11700
5054.33300 5067.23400   26.64800
5569.62500 5067.54200   26.79100
5120.52100 5070.47500   24.64300
5232.80800 5070.63400   27.00200
5105.52500 5070.02300   27.27000
4835.72400 5072.63200   27.18600
4472.32900 5074.72200   26.00000
4951.88800 5074.72900   26.35100
5051.20100 5077.13700   26.34200
5079.68100 5077.54000   25.63500
5061.00700 5079.24700   27.25000
5096.87500 5079.74200   27.13600
5044.38900 5081.09000   27.22000
5116.57100 5081.92300   27.03600
4393.00300 5082.78200   25.69300
4946.64800 5084.02200   25.02300
5074.54300 5084.55600   26.59200
5151.91600 5084.14400   26.58600
4887.16300 5086.46200   26.91400
4509.38600 5088.37500   25.92900
4875.35300 5090.69100   25.96200
4955.62000 5091.09300   27.10500
4997.90300 5091.90600   27.24500
5052.22600 5092.49600   26.83800
4862.34800 5099.37100   27.15500
4568.09100 5100.38300   27.17500
5096.84700 5100.82300   27.35400
5037.77100 5101.23500   26.93300
4667.63300 5102.77500   26.18100
5043.81700 5102.80700   27.51600
4608.33400 5104.55200   25.82500
4880.56500 5104.37300   26.45700
5059.57600 5105.00300   25.80400
5121.53400 5105.22700   23.19500
5130.20900 5104.92200   25.70700
4862.08100 5105.69400   27.27300
4743.94400 5107.25900   27.18100
5097.08400 5109.56100   27.11500
5005.08700 5109.86900   25.02400
5033.65200 5112.78200   27.35200
4434.14600 5114.80400   27.55200
5111.93200 5115.08700   26.24800
5119.51700 5115.81500   26.74000
5180.52600 5115.97100   26.90400
4991.18600 5119.95500   27.44700
5405.86900 5120.04400   26.96800
4561.95200 5120.94000   26.82800
5051.96000 5123.26900   26.82500
5132.22800 5124.82700   25.56400
4457.21500 5126.25500   24.66900
4859.85800 5127.37900   26.40700
4759.36400 5128.65700   25.74100
5120.90500 5129.41500   26.93900
5033.63300 5130.18900   26.18000
4770.67900 5131.17000   26.76200
4749.14000 5132.89200   26.27400
5133.82000 5133.10200   27.66500
4908.59500 5139.36500   26.70000
4972.97200 5140.67000   26.81900
4984.97400 5142.20500   27.53700
4661.11300 5143.38500   26.15800
5029.00000 5147.23500   26.79600
5069.08600 5153.34100   27.13800
5028.99100 5156.58500   25.43300
5146.09600 5159.41100   25.66800
5135.14600 5162.85700   26.38600
4767.98300 5163.77200   26.55400
4908.07700 5164.17300   26.31700
5082.11000 5166.69400   26.69100
4757.45800 5168.69000   25.38700
4710.69000 5170.97700   26.51200
4914.81600 5172.84300   26.50300
4680.45600 5177.11600   27.57700
4724.38400 5178.47200   25.91800
4888.71500 5177.73900   25.95600
5045.42900 5178.24900   27.07400
5279.31800 5180.76300   25.77700
4882.23400 5184.42000   25.83300
4642.02200 5184.77800   27.19500
4963.74600 5191.83400   27.38300
4936.03500 5196.10500   27.35300
4999.94700 5198.04900   26.94600
4710.20800 5201.09100   26.55800
4851.15400 5203.57500   27.44300
5129.04000 5204.11600   26.91600
5132.96800 5204.49400   26.48300
5124.58800 5206.67600   27.24600
5086.82900 5207.43600   27.20800
5591.80100 5208.67100   24.82800
4955.88500 5210.63500   27.02600
5166.28200 5212.46200   26.40800
4995.13800 5213.43500   25.97600
5651.38000 5213.66800   27.14000
4742.99500 5217.72000   26.81800
5000.69100 5217.63000   27.19700
5119.59800 5217.58100   25.87700
5455.40500 5219.06100   27.33600
5008.01700 5219.79100   26.20400
4912.90400 5222.47600   26.37800
4896.08400 5224.47900   27.35800
4670.59800 5232.70300   25.47400
5012.19800 5233.68400   26.29100
4944.18500 5234.43900   26.97900
5024.69900 5236.72400   24.94300
5073.84500 5238.65100   25.73900
5338.87900 5238.63200   24.29400
5024.65400 5242.99900   27.14800
4616.51800 5247.00200   27.14400
4556.31700 5247.89200   26.49700
5143.84300 5248.99400   26.29800
5220.03900 5253.51300   25.86800
4892.62100 5257.39300   26.19700
4945.83400 5261.17200   26.50200
4920.86000 5261.74500   25.94100
5230.59000 5264.38200   26.85900
5079.97900 5266.81000   26.94700
5067.90500 5267.64100   26.62800
4653.73400 5269.92300   27.02700
4638.46300 5271.39900   26.61800
4676.13300 5273.85300   27.04800
5097.14700 5274.88900   25.94800
5241.91200 5274.96400   27.60100
4590.73400 5279.47200   26.96600
4945.52600 5280.29900   26.53400
5244.16600 5287.39800   26.74700
4961.38400 5288.31700   27.23500
4844.59600 5288.92900   27.50000
5015.75900 5289.30100   27.05600
5905.45300 5290.63500   26.87500
5240.98100 5291.83700   26.89500
4501.26300 5292.84600   24.49400
4828.63200 5293.47800   24.58600
4922.71600 5292.75500   24.82800
4886.27400 5294.60800   26.91300
4801.30400 5296.72000   27.52600
4945.49200 5296.68900   26.67700
4746.56300 5306.22100   25.21900
4974.27300 5318.12800   27.18700
5038.70600 5319.80400   26.72700
5032.07200 5320.55700   26.44500
5092.86500 5326.52200   26.32800
4806.06100 5332.20500   26.30100
5135.44900 5332.33600   26.51500
4769.21000 5335.81300   26.01700
5131.79500 5335.68000   24.66900
5879.02600 5336.11400   26.99900
4966.69100 5337.14900   26.69900
4764.82900 5338.28400   24.46300
4993.55600 5341.60400   26.58000
5092.41100 5342.60100   25.45100
6033.87600 5341.87500   27.34600
4905.91900 5343.02900   27.21100
3711.89900 5348.67800   27.01000
5255.26800 5352.71600   27.22300
4827.29300 5353.92600   26.89000
5086.01800 5356.57200   27.60200
5036.69300 5358.28200   26.15400
4835.93400 5363.18500   27.38700
5046.21700 5365.44300   23.08700
5120.21700 5368.02000   26.41900
5263.12700 5367.87900   27.09300
3428.71300 5370.80500   25.81500
4892.52000 5371.58800   27.04400
5906.45600 5372.44300   25.85600
4735.56000 5372.68300   26.95300
4698.75100 5374.89600   26.41800
4788.00400 5383.48100   26.25700
4948.98500 5383.75600   26.69100
5074.77800 5385.55200   27.38200
4784.08400 5388.72300   26.53500
5163.36800 5388.70500   26.95300
6025.80500 5394.89700   26.86300
4771.99800 5397.99700   26.69200
4988.66400 5401.93000   27.44200
5103.29200 5403.51000   27.50200
4867.97200 5405.03400   27.11200
4995.87000 5407.50600   26.97000
4738.87300 5407.85000   27.69500
4819.94800 5415.44000   27.42800
4881.86800 5424.71000   24.62600
3542.64100 5426.32300   27.28200
4964.65800 5429.66400   27.66800
3609.29200 5433.50800   26.24500
5604.94900 5440.89500   26.54500
4787.65900 5451.36000   25.62100
5074.04700 5451.38900   27.22300
7209.04700 5452.77400   26.43600
4623.24300 5458.49500   25.74000
5817.07700 5458.73000   27.06100
5130.50300 5459.43800   27.14700
4730.54700 5462.19000   26.79900
4767.57400 5464.04600   27.19900
4882.41700 5475.67100   26.16300
4808.99600 5487.38200   27.57400
4701.93300 5488.09400   27.68200
4619.08600 5489.91900   27.41200
4904.04300 5491.28900   26.78400
4778.79600 5498.36200   25.67200
4810.81200 5497.54100   26.16900
5912.76200 5498.16300   26.94300
4742.03700 5500.87000   26.52900
5036.28600 5506.15400   24.95300
4802.10800 5511.48400   26.86700
4791.55900 5513.77900   26.07400
3575.27100 5542.91500   26.35700
4955.43300 5542.85000   26.52200
4389.75800 5547.10500   25.88300
6147.92300 5546.92700   27.51000
4810.15800 5554.34500   26.70900
4787.03500 5564.00100   26.17600
4864.50900 5582.24600   26.43400
4862.24400 5603.38400   25.80500
4896.44100 5610.64500   23.68300
4938.40200 5611.28700   24.74500
5743.90100 5618.23200   27.30300
4892.83700 5620.41000   26.70900
4897.15200 5625.00000   26.12900
4882.77200 5628.88900   24.62800
4911.58400 5633.98400   26.91700
4964.63600 5635.58100   27.20200
4924.25500 5639.25900   27.30500
4914.13600 5639.84700   27.04500
4939.24400 5649.00700   27.07600
6668.55100 5676.53000   27.03500
5015.60400 5695.84600   24.84100
4265.10900 5735.76200   25.36800
4589.97000 5740.79500   24.18400
4838.91300 5763.82200   25.12500
3101.05600 5792.73300   27.55700
4729.67300 5829.28100   24.66700
6099.54800 5832.98400   26.63300
5859.36100 5870.71000   26.61700
6101.40400 5873.20500   26.53600
5942.62300 5885.89700   27.13200
3998.28700 5924.84300   26.07300
6341.39800 5926.32500   27.05100
6201.98700 5943.25900   25.77000
6569.91800 5961.20100   27.22300
5929.16500 5968.85200   26.44000
6355.41700 5970.05000   27.50800
7190.96200 5970.58900   25.35600
5343.57500 5971.19000   25.53000
5697.92100 5989.83800   26.73400
5975.17600 6019.08400   26.89400
4266.99300 6104.33500   26.46400
4610.99900 6117.98500   26.49900
5731.43400 6189.89400   25.42200
5502.73900 6227.33100   26.91400
6099.01000 6249.19600   26.98300
5479.32100 6308.47600   26.60300
7684.69200 6339.08400   27.59600
6102.09200 6360.74500   26.96700
5721.05300 6369.08500   25.13900
6273.12200 6379.23200   24.62200
4725.68500 6444.13800   25.90700
5415.74100 6444.41500   27.29300
7435.87600 6445.01700   27.17200
4800.22700 6464.74900   27.51200
7335.74900 6475.97100   27.43700
7269.25300 6478.57100   27.19700
7222.81500 6489.85800   27.35900
7203.84000 6511.33000   27.49400
4990.76100 6514.65100   26.75100
7063.79400 6529.70900   26.81000
3613.75800 6538.00000   27.21000
6101.15100 6538.11100   24.32100
6844.14800 6606.39500   27.10200
6629.92900 6671.91700   27.35700
5296.77700 6681.73900   27.27300
6630.70800 6684.60800   27.29900
6369.58800 6753.35900   27.40500
6344.03100 6769.92800   27.15600
6242.24700 6793.09600   27.72700
5605.56400 6817.88300   26.45400
6008.99400 6865.36700   27.15900
4016.42400 6866.48900   26.46100
5880.04200 6868.19700   26.76900
5671.36900 6891.00400   26.86200
5689.22200 6936.74500   27.43700
5629.12100 6984.63400   27.43000
4854.90400 7007.39600   23.51700
3680.19300 7031.33600   26.69400
3677.95800 7036.44100   26.97600
5396.26100 7053.03000   27.62900
5082.42300 7067.74400   26.17100
5001.09400 7165.29800   27.28700
4657.15300 7270.96600   27.24500
3783.64600 7538.58100   27.30400
